20 20 509
0 326 85 0 71 0 420 0 348 0 0 382 155 0 0 0 0 0 0 0
88 0 0 0 144 69 223 441 0 0 0 0 0 47 0 145 82 431 318 98
0 0 0 0 0 172 0 0 0 224 33 266 0 31 102 221 0 0 0 0
30 435 0 0 96 0 0 92 0 0 173 255 0 0 0 223 0 0 0 0
27 0 454 0 0 57 353 70 28 262 124 182 491 408 59 41 0 0 0 0
0 364 340 0 221 149 0 130 476 225 0 0 23 233 125 0 0 171 0 0
0 398 0 0 262 325 18 484 397 193 84 262 300 82 7 0 147 0 0 0
130 0 0 62 193 0 281 256 0 178 38 258 169 358 0 0 0 0 0 271
452 299 466 474 387 107 54 85 286 367 0 0 0 0 51 0 0 400 424 0
123 168 0 201 453 0 0 90 0 85 0 0 0 0 91 100 99 0 0 258
0 75 411 0 0 362 66 0 0 414 452 0 453 499 0 47 0 0 273 390
92 0 0 7 134 496 77 454 245 226 3 0 479 0 0 475 41 327 8 437
0 364 0 127 243 0 254 0 320 0 56 153 21 0 0 0 0 404 15 22
0 487 0 238 0 0 0 0 0 493 0 382 0 0 340 0 400 0 219 0
129 209 445 0 0 79 0 37 176 251 0 0 37 156 0 0 0 0 275 0
0 0 0 342 373 125 197 0 123 244 215 455 448 0 0 0 0 0 0 0
341 428 0 125 401 41 0 245 0 441 0 0 206 129 125 0 476 23 309 143
0 9 0 0 0 0 0 363 252 0 280 0 142 121 0 0 408 0 366 296
400 0 44 160 0 215 0 214 485 0 0 104 0 0 188 347 0 0 299 0
0 49 421 0 279 0 0 403 481 0 0 0 160 0 385 430 426 0 405 0
