20 20 526
0 71 0 306 0 15 0 0 0 237 352 268 0 0 0 269 404 465 0 103
496 491 80 118 295 183 0 0 473 306 432 195 176 59 0 328 275 209 378 406
326 0 300 0 0 0 391 0 0 309 123 0 0 32 0 125 170 291 37 95
0 264 0 129 27 0 168 0 0 81 0 0 0 0 0 0 0 0 0 191
0 0 124 37 0 57 0 0 0 0 23 139 0 0 0 0 0 199 483 142
0 0 0 363 0 0 14 0 0 417 0 191 145 0 0 0 0 0 98 0
0 481 0 47 0 0 0 451 0 0 0 0 261 349 0 368 267 306 0 325
182 0 0 395 187 176 63 61 0 0 469 0 0 0 0 0 0 0 28 0
386 0 6 0 0 389 0 0 0 0 0 0 159 47 0 282 0 0 0 0
327 0 0 247 387 407 162 429 343 466 118 4 0 0 0 0 493 0 0 0
0 0 380 16 0 0 0 29 273 0 380 37 0 0 366 0 0 0 176 0
370 0 0 0 0 0 0 0 0 0 14 158 124 0 284 0 494 234 0 117
0 466 120 89 0 0 205 0 370 0 264 200 341 0 0 122 0 0 76 0
0 286 0 415 372 0 79 0 0 343 0 0 0 351 0 0 0 0 0 0
300 0 0 0 0 329 445 247 413 141 0 495 0 0 437 0 0 6 0 0
0 0 0 0 40 0 0 291 0 0 421 0 6 356 383 58 5 37 401 493
149 0 49 0 0 0 0 0 244 0 148 192 0 0 197 110 0 293 0 0
139 248 0 0 0 240 0 0 0 87 395 0 308 0 0 0 0 0 447 345
0 0 469 290 60 397 0 146 477 313 231 0 231 354 441 0 0 0 0 0
0 0 164 0 140 0 0 184 0 354 97 489 0 421 0 0 0 0 42 0
