20 20 539
446 0 0 0 0 336 368 369 0 0 52 0 0 90 0 0 0 371 332 0
0 176 0 375 303 0 0 477 0 0 0 275 54 367 337 0 40 138 0 419
0 0 168 383 0 158 0 313 0 459 0 294 0 385 89 0 23 95 0 35
327 0 0 478 0 88 0 6 200 135 411 42 0 0 119 0 72 0 0 162
0 0 291 64 8 0 134 35 0 0 0 395 0 120 0 0 0 159 0 184
179 0 0 0 0 0 0 219 0 211 0 147 0 130 0 32 0 497 0 289
373 0 490 163 214 111 281 0 0 0 0 0 0 354 400 0 0 111 314 0
311 0 0 0 18 223 0 0 0 0 16 0 145 0 0 0 138 0 330 0
0 364 294 297 0 0 256 0 433 200 301 278 222 0 0 318 7 415 0 0
0 0 0 0 281 421 98 0 0 0 338 36 290 368 0 309 326 0 253 0
278 138 493 284 0 0 214 62 114 258 0 0 471 0 0 0 364 367 75 346
0 202 486 399 63 183 330 0 59 0 0 0 0 0 227 0 221 301 29 0
68 60 0 215 429 11 0 0 0 157 0 0 187 88 164 0 334 176 0 386
359 101 0 0 315 0 0 0 442 290 489 0 0 0 354 0 403 474 0 64
407 0 331 0 82 0 0 33 0 118 125 309 0 0 171 0 105 91 46 140
127 345 126 0 210 360 0 246 420 0 0 73 0 243 36 236 243 0 0 0
195 454 0 0 0 241 489 0 0 122 0 166 273 242 0 0 88 363 22 258
22 0 0 113 0 0 0 484 491 169 374 77 450 169 0 3 237 163 0 0
0 0 452 0 0 0 0 133 0 0 0 490 181 0 180 315 0 0 33 436
0 280 0 3 15 442 0 306 0 87 0 0 0 0 0 0 275 0 480 0
