20 20 656
0 0 117 0 0 429 312 0 310 0 228 0 0 64 0 0 472 0 0 0
0 0 435 421 0 0 0 171 0 0 103 0 0 0 0 81 266 0 487 360
272 270 0 65 209 0 0 120 0 395 0 0 269 345 0 498 379 0 0 160
15 116 0 53 278 244 108 256 0 368 339 0 0 0 0 0 175 420 0 0
0 61 182 0 445 0 0 225 122 0 0 366 265 0 376 218 0 0 370 0
171 96 85 111 284 0 229 0 0 0 0 0 471 214 93 105 0 305 417 245
7 339 0 266 0 476 213 0 0 0 0 306 0 0 62 0 0 128 0 302
65 144 344 114 0 250 0 493 0 0 408 182 0 352 152 0 304 0 0 0
0 366 174 0 124 350 0 164 176 449 90 0 0 0 0 35 73 0 474 350
0 76 322 472 0 0 47 161 0 0 0 0 0 0 0 0 291 386 299 0
0 202 0 0 496 0 0 343 41 210 411 124 368 0 360 280 0 0 162 415
0 0 66 0 0 0 0 16 0 0 488 0 0 8 0 0 431 0 488 203
339 481 0 310 0 465 17 0 380 0 11 0 186 0 164 0 0 0 55 0
27 105 0 0 300 181 0 0 0 488 0 0 143 0 0 469 0 0 0 140
0 278 0 220 0 0 183 0 137 0 0 398 496 0 332 0 1 0 227 0
0 110 0 0 0 0 223 0 0 72 0 353 431 0 0 273 117 0 0 298
0 118 132 185 0 0 0 372 422 0 93 79 0 0 498 0 331 0 409 0
391 447 324 314 0 0 0 0 0 0 0 475 0 248 426 0 121 0 214 0
252 0 0 385 228 232 0 61 0 0 0 0 0 0 0 17 340 159 0 0
161 0 0 0 10 0 0 0 0 0 341 0 0 0 0 0 13 334 125 390
